11  0.00    0
5   0.00    0
9   0.00    0
3   0.00    0
7   0.00    0
1   0.00    0
19  0.00    0
35  0.00    0
11  0.05    10
5   0.05    10
9   0.05    -20
3   0.05    -20
7   0.05    10
1   0.05    10
11  0.10    20
5   0.10    20
9   0.10    -40
3   0.10    -40
7   0.10    20
1   0.10    20
11  0.15    30
5   0.15    30
9   0.15    -60
3   0.15    -60
7   0.15    30
1   0.15    30
11  0.20    35
5   0.20    35
9   0.20    -70
3   0.20    -70
7   0.20    35
1   0.20    35
11  0.25    40
5   0.25    40
9   0.25    -80
3   0.25    -80
7   0.25    40
1   0.25    40
11  0.30    55
5   0.30    55
9   0.30    -90
3   0.30    -90
7   0.30    45
1   0.30    45
11  0.35    70
5   0.35    70
9   0.35    -100
3   0.35    -100
7   0.35    50
1   0.35    50
11  0.40    85
5   0.40    85
9   0.40    -110
3   0.40    -110
7   0.40    55
1   0.40    55
11  0.45    0
5   0.45    0
9   0.45    0
3   0.45    0
7   0.45    0
1   0.45    0
19  0.45    -120
35  0.45    -120
11  100     20
5   100     20
9   100     -40
3   100     -40
7   100     20
1   100     20